1.000000000000000000e+02 2.872724500000000116e+05
1.660000000000000000e+02 1.462957999999999884e+05
2.780000000000000000e+02 8.863335000000000582e+04
4.640000000000000000e+02 8.146680000000000291e+04
7.740000000000000000e+02 7.649055000000000291e+04
1.291000000000000000e+03 7.287694999999999709e+04
2.154000000000000000e+03 7.285905000000000291e+04
3.593000000000000000e+03 6.853647500000000582e+04
5.994000000000000000e+03 6.938055000000000291e+04
1.000000000000000000e+04 6.050000000000000000e+04
